image_1.jpeg 3 0.8983 85.26 211.39 159.67 270.57
image_1.jpeg 3 0.8878 21.56 207.09 87.72 259.35
image_1.jpeg 1 0.8232 477.34 187.82 510.96 287.70
image_1.jpeg 1 0.8177 591.91 190.44 628.42 311.69
image_1.jpeg 2 0.7985 314.27 257.04 368.60 313.05
image_1.jpeg 1 0.7654 517.52 196.16 549.39 304.56
image_1.jpeg 2 0.7477 222.26 240.42 241.91 285.95
image_1.jpeg 1 0.7202 313.44 181.42 354.79 296.67
image_1.jpeg 1 0.7161 218.52 197.18 249.47 275.65
image_1.jpeg 1 0.5503 558.07 192.59 590.51 283.17
image_1.jpeg 1 0.4599 358.15 210.18 374.06 249.07
image_1.jpeg 3 0.4310 0.00 214.59 24.77 250.78
image_1.jpeg 1 0.4195 617.26 186.36 639.79 293.32
image_1.jpeg 3 0.3595 169.47 225.49 185.45 242.62
image_1.jpeg 1 0.3531 512.40 195.77 531.25 296.45
image_1.jpeg 1 0.2720 513.10 195.65 540.76 301.45
image_10.jpeg 3 0.8628 249.57 218.41 292.23 256.21
image_10.jpeg 1 0.8478 568.95 195.79 598.69 280.97
image_10.jpeg 3 0.8275 304.33 227.45 339.05 252.66
image_10.jpeg 1 0.7794 598.27 197.73 622.95 276.85
image_10.jpeg 1 0.7758 502.18 203.36 526.22 235.99
image_10.jpeg 3 0.7696 155.49 228.42 193.68 255.85
image_10.jpeg 3 0.5832 229.41 230.39 242.66 243.62
image_10.jpeg 2 0.5119 503.01 236.92 524.74 272.13
image_10.jpeg 3 0.3756 201.82 227.93 218.39 248.81
image_10.jpeg 3 0.3578 167.69 220.46 200.95 250.83
image_10.jpeg 3 0.3401 220.37 231.48 234.32 244.76
image_2.jpeg 3 0.9431 0.02 217.93 183.34 392.82
image_2.jpeg 1 0.7798 242.75 216.16 264.66 278.17
image_2.jpeg 1 0.7402 317.26 218.47 334.85 275.68
image_2.jpeg 1 0.7299 188.35 218.16 203.69 256.44
image_2.jpeg 1 0.7275 289.45 218.92 307.25 277.33
image_2.jpeg 1 0.7223 274.32 217.94 290.20 275.62
image_2.jpeg 1 0.7149 175.99 218.71 190.40 255.24
image_2.jpeg 1 0.6447 207.09 217.88 221.53 256.21
image_2.jpeg 1 0.5944 469.02 207.02 500.07 296.43
image_2.jpeg 1 0.5037 219.24 218.72 235.42 264.91
image_2.jpeg 2 0.4965 412.65 251.39 434.54 294.16
image_2.jpeg 3 0.4569 512.73 229.79 532.50 270.44
image_2.jpeg 3 0.3341 330.60 224.36 365.20 257.50
image_2.jpeg 2 0.3271 445.30 245.83 472.35 292.38
image_2.jpeg 2 0.2802 387.25 249.31 404.63 293.27
image_3.jpeg 1 0.8168 362.77 217.83 387.20 287.23
image_3.jpeg 1 0.7957 249.58 230.95 275.65 281.38
image_3.jpeg 1 0.7952 385.32 214.14 405.89 287.06
image_3.jpeg 1 0.7838 332.07 217.73 350.79 277.47
image_3.jpeg 1 0.7730 146.23 208.63 170.99 282.17
image_3.jpeg 1 0.7468 178.45 227.80 203.93 281.21
image_3.jpeg 1 0.7426 11.37 221.49 27.40 263.47
image_3.jpeg 1 0.7376 218.13 228.19 239.27 282.61
image_3.jpeg 1 0.7264 87.62 211.73 111.00 284.76
image_3.jpeg 1 0.7134 62.42 221.54 75.82 255.39
image_3.jpeg 1 0.6292 108.27 214.63 126.36 281.34
image_3.jpeg 1 0.6228 53.14 223.53 65.09 254.99
image_3.jpeg 1 0.5971 204.32 227.70 221.60 260.60
image_3.jpeg 1 0.5330 309.35 218.12 321.48 258.24
image_3.jpeg 1 0.5268 126.08 225.29 140.83 276.03
image_3.jpeg 1 0.5259 317.59 217.64 333.87 255.25
image_3.jpeg 1 0.2980 221.07 228.11 238.62 270.82
image_3.jpeg 1 0.2959 203.87 227.40 220.73 278.97
image_4.jpeg 3 0.9371 262.23 217.75 355.99 297.76
image_4.jpeg 3 0.8614 185.16 222.10 242.62 269.59
image_4.jpeg 3 0.8156 122.65 235.08 173.29 269.15
image_4.jpeg 1 0.7944 538.95 214.20 557.90 275.01
image_4.jpeg 1 0.7761 517.94 213.63 538.56 275.45
image_4.jpeg 2 0.7761 57.48 251.09 87.19 280.79
image_4.jpeg 1 0.6953 60.89 213.77 81.24 252.80
image_4.jpeg 1 0.6074 0.58 236.62 13.33 265.48
image_4.jpeg 1 0.5944 169.71 230.41 184.02 265.53
image_4.jpeg 3 0.4905 239.02 232.52 255.62 257.58
image_4.jpeg 1 0.4515 81.55 221.46 95.93 248.06
image_4.jpeg 1 0.4454 109.57 231.68 121.53 255.95
image_4.jpeg 1 0.4124 100.52 230.54 111.70 256.77
image_4.jpeg 3 0.3351 241.33 230.44 260.01 253.50
image_4.jpeg 1 0.3277 160.50 228.82 171.70 244.08
image_5.jpeg 3 0.8821 441.26 194.87 577.57 253.82
image_5.jpeg 3 0.7917 577.13 200.22 639.79 260.88
image_5.jpeg 2 0.7435 341.30 217.61 365.09 245.73
image_5.jpeg 2 0.6956 376.55 216.40 394.36 245.39
image_5.jpeg 2 0.6432 290.12 217.16 307.22 245.51
image_5.jpeg 1 0.6357 38.77 196.99 55.25 247.72
image_5.jpeg 1 0.6225 208.59 198.50 222.27 238.53
image_5.jpeg 1 0.6137 366.66 190.80 386.89 239.00
image_5.jpeg 1 0.5133 221.46 197.65 232.53 215.08
image_5.jpeg 1 0.4595 69.32 195.13 86.94 247.79
image_5.jpeg 1 0.4222 407.99 201.92 421.83 241.07
image_5.jpeg 2 0.4101 256.12 218.15 271.71 245.41
image_5.jpeg 1 0.3972 366.67 190.70 387.64 222.70
image_5.jpeg 2 0.2740 284.90 215.80 306.37 244.25
image_5.jpeg 1 0.2637 345.30 197.13 357.96 217.87
image_6.jpeg 3 0.9149 75.60 220.19 190.59 309.29
image_6.jpeg 3 0.8468 181.68 232.20 230.03 280.22
image_6.jpeg 3 0.8286 325.52 238.41 372.91 276.61
image_6.jpeg 1 0.7954 558.42 222.03 583.69 283.14
image_6.jpeg 1 0.7847 523.44 220.06 544.07 278.00
image_6.jpeg 1 0.7548 506.59 222.62 524.29 276.59
image_6.jpeg 1 0.7365 0.52 224.71 16.60 246.99
image_6.jpeg 3 0.7132 299.68 237.23 319.49 255.73
image_6.jpeg 3 0.6477 245.70 238.42 263.13 253.09
image_6.jpeg 1 0.6103 47.76 231.69 59.45 250.78
image_6.jpeg 3 0.6018 279.71 238.39 295.13 252.65
image_6.jpeg 1 0.5134 34.10 231.41 49.44 266.45
image_6.jpeg 1 0.4520 33.51 231.19 48.67 256.40
image_6.jpeg 1 0.4486 17.66 231.15 33.06 247.55
image_6.jpeg 1 0.3203 14.60 230.76 30.67 247.12
image_6.jpeg 1 0.2811 486.21 223.39 503.02 255.46
image_7.jpeg 3 0.9103 518.15 200.03 625.49 260.20
image_7.jpeg 3 0.8904 373.43 205.87 492.87 256.13
image_7.jpeg 1 0.8573 289.86 165.58 412.96 359.37
image_7.jpeg 1 0.8057 231.96 161.42 293.90 365.84
image_7.jpeg 1 0.7752 171.90 207.56 190.08 257.92
image_7.jpeg 1 0.7559 84.08 210.57 102.67 254.76
image_7.jpeg 3 0.7490 218.53 218.84 238.72 241.14
image_7.jpeg 1 0.7476 138.99 207.83 154.50 254.11
image_7.jpeg 1 0.7103 63.35 207.05 80.65 257.67
image_7.jpeg 1 0.6523 115.67 208.45 138.64 255.55
image_7.jpeg 1 0.5666 1.79 189.08 53.08 314.62
image_7.jpeg 3 0.4271 442.42 188.74 470.30 208.18
image_7.jpeg 3 0.4018 0.00 224.50 12.15 286.16
image_7.jpeg 3 0.3894 208.63 221.11 221.55 235.50
image_7.jpeg 3 0.3450 49.02 218.00 64.97 247.80
image_7.jpeg 1 0.3394 34.09 192.99 56.32 317.28
image_8.jpeg 3 0.9380 273.69 213.79 563.54 397.36
image_8.jpeg 1 0.8739 140.11 214.31 199.74 329.29
image_8.jpeg 1 0.8687 0.10 210.43 48.28 332.39
image_8.jpeg 3 0.8412 191.19 215.42 237.10 257.39
image_8.jpeg 1 0.6469 46.27 221.20 67.62 253.72
image_8.jpeg 1 0.6414 243.20 218.97 258.55 259.30
image_8.jpeg 3 0.6087 533.25 193.41 639.59 383.72
image_8.jpeg 2 0.5977 32.03 245.85 82.81 270.78
image_8.jpeg 3 0.5946 565.32 195.65 639.74 385.95
image_8.jpeg 3 0.5551 260.92 223.03 273.51 234.64
image_8.jpeg 3 0.5548 275.53 221.92 288.36 234.31
image_8.jpeg 3 0.5449 531.93 194.24 639.90 280.98
image_8.jpeg 3 0.5186 310.86 220.99 324.50 234.30
image_8.jpeg 3 0.4776 287.24 223.42 301.11 235.64
image_8.jpeg 3 0.4487 271.49 221.70 286.03 234.62
image_8.jpeg 3 0.4221 295.78 222.13 308.32 235.46
image_8.jpeg 3 0.4139 297.69 221.77 310.40 235.06
image_8.jpeg 3 0.3923 532.23 194.13 639.63 322.86
image_8.jpeg 1 0.3851 439.07 209.52 454.56 228.36
image_9.jpeg 3 0.9406 203.46 196.47 345.66 324.76
image_9.jpeg 3 0.8045 179.44 232.69 210.29 269.89
image_9.jpeg 1 0.7805 493.29 225.84 508.06 261.67
image_9.jpeg 1 0.7718 514.52 224.86 532.78 265.00
image_9.jpeg 1 0.7648 433.17 219.84 448.21 262.99
image_9.jpeg 1 0.7278 0.05 222.82 11.21 277.02
image_9.jpeg 1 0.7259 45.48 228.42 58.62 263.05
image_9.jpeg 1 0.7073 454.22 221.91 470.00 263.33
image_9.jpeg 1 0.7031 9.31 223.33 24.01 277.84
image_9.jpeg 2 0.6587 63.51 257.10 108.95 319.78
image_9.jpeg 1 0.5970 540.40 217.91 558.14 243.73
image_9.jpeg 1 0.5771 445.87 225.39 457.54 262.22
image_9.jpeg 1 0.5642 72.65 216.10 104.66 265.45
image_9.jpeg 1 0.5270 544.36 218.04 563.47 243.39
image_9.jpeg 1 0.4397 32.92 225.83 46.09 259.75
image_9.jpeg 1 0.3840 20.82 227.52 33.58 277.01
image_9.jpeg 1 0.2805 60.40 228.63 73.05 257.34
