0 0.309375 0.435547 0.075000 0.132812
0 0.317969 0.449219 0.048438 0.109375
0 0.332813 0.460938 0.021875 0.066406
0 0.360156 0.496094 -0.035937 -0.031250
0 0.368750 0.526367 -0.025000 0.025391
0 0.383594 0.548828 -0.082812 -0.031250
0 0.399219 0.567383 -0.107813 -0.064453
0 0.419531 0.593750 -0.148438 -0.128906
0 0.528906 0.772461 -0.407813 -0.396484
0 0.539062 0.791016 -0.462500 -0.429688
2 0.439844 0.605469 -0.167187 -0.210938
2 0.171875 0.561523 0.337500 0.416016
0 0.472656 0.673828 -0.267188 -0.292969
0 0.342187 0.492188 0.006250 0.058594
