0 0.571094 0.788086 0.442188 0.474609
0 0.582031 0.805664 0.473438 0.513672
0 0.611719 0.846680 0.526563 0.583984
1 0.579688 0.782227 0.368750 0.435547
0 0.176563 0.256836 0.350000 0.455078
2 0.321875 0.500977 0.081250 0.103516
2 0.420312 0.563477 0.100000 0.126953
2 0.437500 0.632812 0.134375 0.191406
2 0.228125 0.490234 0.221875 0.226562
0 0.218750 0.306641 0.287500 0.378906
0 0.194531 0.273438 0.335938 0.421875
0 0.206250 0.310547 0.306250 0.429688
2 0.378125 0.500000 0.006250 0.011719
2 0.407031 0.535156 0.067187 0.085938
