1 0.249219 0.405273 0.304688 0.404297
0 0.227344 0.404297 0.235937 0.390625
2 0.321875 0.469727 0.084375 0.123047
2 0.308594 0.658203 0.014063 0.042969
0 0.560937 0.750000 0.415625 0.484375
0 0.512500 0.690430 0.331250 0.365234
0 0.524219 0.707031 0.342187 0.386719
0 0.529687 0.715820 0.368750 0.412109
0 0.578125 0.776367 0.446875 0.525391
0 0.224219 0.324219 0.264062 0.359375
0 0.212500 0.318359 0.284375 0.398438
0 0.203906 0.304688 0.301563 0.425781
0 0.593750 0.777344 0.503125 0.609375
0 0.600000 0.788086 0.515625 0.619141
