2 0.279687 0.425781 0.178125 0.195312
2 0.319531 0.495117 0.054688 0.048828
2 0.374219 0.635742 0.067187 0.115234
1 0.243750 0.361328 0.309375 0.378906
0 0.214844 0.348633 0.245312 0.357422
0 0.237500 0.358398 0.221875 0.341797
0 0.571094 0.791992 0.473438 0.521484
0 0.588281 0.814453 0.504687 0.558594
0 0.187500 0.268555 0.368750 0.490234
0 0.311719 0.427734 0.098437 0.128906
1 0.321875 0.442383 0.125000 0.158203
2 0.365625 0.501953 0.015625 0.015625
0 0.267969 0.368164 0.192188 0.271484
0 0.257812 0.357422 0.203125 0.289062
2 0.370312 0.503906 0.012500 0.003906
